6 0.456959 0.563411 0.570537 0.586301
6 0.508156 0.767336 0.132952 0.35265
6 0.508156 0.767336 0.132952 0.35265
8 0.30306 0.494416 0.592989 0.988832
3 0.498206 0.457274 0.989326 0.592128
1 0.504662 0.525171 0.482819 0.743582
6 0.697315 0.770419 0.117037 0.138234
6 0.254212 0.429559 0.127321 0.236992
2 0.257857 0.847762 0.349589 0.264086
6 0.338251 0.686607 0.209674 0.569853
6 0.338251 0.686607 0.209674 0.569853
3 0.491382 0.398686 0.979636 0.541457
3 0.452177 0.560492 0.659315 0.793979
3 0.378104 0.063658 0.315992 0.127316
3 0.518684 0.515889 0.869784 0.903791
6 0.495194 0.419259 0.773469 0.442604
2 0.501471 0.855036 0.997059 0.289928
6 0.508156 0.767336 0.132952 0.35265
